    0.10000E-03    0.52682E+03
    0.10202E-03    0.53702E+03
    0.10408E-03    0.54743E+03
    0.10618E-03    0.55803E+03
    0.10833E-03    0.56885E+03
    0.11052E-03    0.57987E+03
    0.11275E-03    0.59110E+03
    0.11503E-03    0.60255E+03
    0.11735E-03    0.61422E+03
    0.11972E-03    0.62612E+03
    0.12214E-03    0.63825E+03
    0.12461E-03    0.65061E+03
    0.12712E-03    0.66321E+03
    0.12969E-03    0.67606E+03
    0.13231E-03    0.68915E+03
    0.13499E-03    0.70250E+03
    0.13771E-03    0.71610E+03
    0.14049E-03    0.72997E+03
    0.14333E-03    0.74411E+03
    0.14623E-03    0.75851E+03
    0.14918E-03    0.77320E+03
    0.15220E-03    0.78817E+03
    0.15527E-03    0.80343E+03
    0.15841E-03    0.81898E+03
    0.16161E-03    0.83484E+03
    0.16487E-03    0.85100E+03
    0.16820E-03    0.86747E+03
    0.17160E-03    0.88426E+03
    0.17507E-03    0.90138E+03
    0.17860E-03    0.91882E+03
    0.18221E-03    0.93660E+03
    0.18589E-03    0.95473E+03
    0.18965E-03    0.97320E+03
    0.19348E-03    0.99203E+03
    0.19739E-03    0.10112E+04
    0.20138E-03    0.10308E+04
    0.20544E-03    0.10507E+04
    0.20959E-03    0.10710E+04
    0.21383E-03    0.10918E+04
    0.21815E-03    0.11129E+04
    0.22255E-03    0.11344E+04
    0.22705E-03    0.11563E+04
    0.23164E-03    0.11787E+04
    0.23632E-03    0.12015E+04
    0.24109E-03    0.12247E+04
    0.24596E-03    0.12483E+04
    0.25093E-03    0.12725E+04
    0.25600E-03    0.12970E+04
    0.26117E-03    0.13221E+04
    0.26645E-03    0.13476E+04
    0.27183E-03    0.13737E+04
    0.27732E-03    0.14002E+04
    0.28292E-03    0.14272E+04
    0.28864E-03    0.14548E+04
    0.29447E-03    0.14828E+04
    0.30042E-03    0.15115E+04
    0.30649E-03    0.15406E+04
    0.31268E-03    0.15703E+04
    0.31899E-03    0.16006E+04
    0.32544E-03    0.16315E+04
    0.33201E-03    0.16629E+04
    0.33872E-03    0.16950E+04
    0.34556E-03    0.17276E+04
    0.35254E-03    0.17609E+04
    0.35966E-03    0.17948E+04
    0.36693E-03    0.18294E+04
    0.37434E-03    0.18646E+04
    0.38190E-03    0.19005E+04
    0.38962E-03    0.19371E+04
    0.39749E-03    0.19743E+04
    0.40552E-03    0.20123E+04
    0.41371E-03    0.20510E+04
    0.42207E-03    0.20904E+04
    0.43060E-03    0.21306E+04
    0.43929E-03    0.21715E+04
    0.44817E-03    0.22132E+04
    0.45722E-03    0.22556E+04
    0.46646E-03    0.22989E+04
    0.47588E-03    0.23430E+04
    0.48550E-03    0.23879E+04
    0.49530E-03    0.24337E+04
    0.50531E-03    0.24803E+04
    0.51552E-03    0.25278E+04
    0.52593E-03    0.25761E+04
    0.53656E-03    0.26254E+04
    0.54739E-03    0.26756E+04
    0.55845E-03    0.27267E+04
    0.56973E-03    0.27788E+04
    0.58124E-03    0.28318E+04
    0.59299E-03    0.28859E+04
    0.60496E-03    0.29409E+04
    0.61719E-03    0.29969E+04
    0.62965E-03    0.30540E+04
    0.64237E-03    0.31121E+04
    0.65535E-03    0.31713E+04
    0.66859E-03    0.32316E+04
    0.68210E-03    0.32930E+04
    0.69588E-03    0.33555E+04
    0.70993E-03    0.34191E+04
    0.72427E-03    0.34840E+04
    0.73891E-03    0.35500E+04
    0.75383E-03    0.36171E+04
    0.76906E-03    0.36855E+04
    0.78460E-03    0.37552E+04
    0.80045E-03    0.38261E+04
    0.81662E-03    0.38982E+04
    0.83311E-03    0.39717E+04
    0.84994E-03    0.40465E+04
    0.86711E-03    0.41226E+04
    0.88463E-03    0.42001E+04
    0.90250E-03    0.42789E+04
    0.92073E-03    0.43592E+04
    0.93933E-03    0.44409E+04
    0.95831E-03    0.45240E+04
    0.97767E-03    0.46085E+04
    0.99742E-03    0.46946E+04
    0.10176E-02    0.47822E+04
    0.10381E-02    0.48712E+04
    0.10591E-02    0.49619E+04
    0.10805E-02    0.50540E+04
    0.11023E-02    0.51478E+04
    0.11246E-02    0.52432E+04
    0.11473E-02    0.53402E+04
    0.11705E-02    0.54389E+04
    0.11941E-02    0.55392E+04
    0.12182E-02    0.56413E+04
    0.12429E-02    0.57450E+04
    0.12680E-02    0.58505E+04
    0.12936E-02    0.59578E+04
    0.13197E-02    0.60668E+04
    0.13464E-02    0.61777E+04
    0.13736E-02    0.62903E+04
    0.14013E-02    0.64048E+04
    0.14296E-02    0.65212E+04
    0.14585E-02    0.66395E+04
    0.14880E-02    0.67596E+04
    0.15180E-02    0.68817E+04
    0.15487E-02    0.70057E+04
    0.15800E-02    0.71317E+04
    0.16119E-02    0.72596E+04
    0.16445E-02    0.73896E+04
    0.16777E-02    0.75215E+04
    0.17116E-02    0.76555E+04
    0.17462E-02    0.77916E+04
    0.17814E-02    0.79297E+04
    0.18174E-02    0.80699E+04
    0.18541E-02    0.82122E+04
    0.18916E-02    0.83566E+04
    0.19298E-02    0.85031E+04
    0.19688E-02    0.86518E+04
    0.20086E-02    0.88026E+04
    0.20491E-02    0.89556E+04
    0.20905E-02    0.91107E+04
    0.21328E-02    0.92681E+04
    0.21758E-02    0.94276E+04
    0.22198E-02    0.95893E+04
    0.22646E-02    0.97533E+04
    0.23104E-02    0.99194E+04
    0.23571E-02    0.10088E+05
    0.24047E-02    0.10258E+05
    0.24533E-02    0.10431E+05
    0.25028E-02    0.10606E+05
    0.25534E-02    0.10783E+05
    0.26050E-02    0.10963E+05
    0.26576E-02    0.11145E+05
    0.27113E-02    0.11329E+05
    0.27660E-02    0.11515E+05
    0.28219E-02    0.11703E+05
    0.28789E-02    0.11893E+05
    0.29371E-02    0.12086E+05
    0.29964E-02    0.12281E+05
    0.30569E-02    0.12478E+05
    0.31187E-02    0.12677E+05
    0.31817E-02    0.12879E+05
    0.32460E-02    0.13082E+05
    0.33115E-02    0.13287E+05
    0.33784E-02    0.13495E+05
    0.34467E-02    0.13704E+05
    0.35163E-02    0.13916E+05
    0.35874E-02    0.14129E+05
    0.36598E-02    0.14345E+05
    0.37338E-02    0.14562E+05
    0.38092E-02    0.14781E+05
    0.38861E-02    0.15002E+05
    0.39646E-02    0.15225E+05
    0.40447E-02    0.15450E+05
    0.41264E-02    0.15676E+05
    0.42098E-02    0.15904E+05
    0.42948E-02    0.16133E+05
    0.43816E-02    0.16364E+05
    0.44701E-02    0.16596E+05
    0.45604E-02    0.16830E+05
    0.46525E-02    0.17064E+05
    0.47465E-02    0.17301E+05
    0.48424E-02    0.17538E+05
    0.49402E-02    0.17776E+05
    0.50400E-02    0.18015E+05
    0.51419E-02    0.18255E+05
    0.52457E-02    0.18496E+05
    0.53517E-02    0.18738E+05
    0.54598E-02    0.18980E+05
    0.55701E-02    0.19223E+05
    0.56826E-02    0.19466E+05
    0.57974E-02    0.19709E+05
    0.59145E-02    0.19953E+05
    0.60340E-02    0.20196E+05
    0.61559E-02    0.20439E+05
    0.62803E-02    0.20682E+05
    0.64072E-02    0.20925E+05
    0.65366E-02    0.21167E+05
    0.66686E-02    0.21409E+05
    0.68033E-02    0.21649E+05
    0.69408E-02    0.21889E+05
    0.70810E-02    0.22127E+05
    0.72240E-02    0.22364E+05
    0.73700E-02    0.22599E+05
    0.75189E-02    0.22833E+05
    0.76708E-02    0.23065E+05
    0.78257E-02    0.23294E+05
    0.79838E-02    0.23522E+05
    0.81451E-02    0.23747E+05
    0.83096E-02    0.23970E+05
    0.84775E-02    0.24190E+05
    0.86488E-02    0.24407E+05
    0.88235E-02    0.24621E+05
    0.90017E-02    0.24832E+05
    0.91836E-02    0.25039E+05
    0.93691E-02    0.25242E+05
    0.95583E-02    0.25440E+05
    0.97514E-02    0.25633E+05
    0.99484E-02    0.25821E+05
    0.10149E-01    0.26003E+05
    0.10354E-01    0.26179E+05
    0.10564E-01    0.26348E+05
    0.10777E-01    0.26512E+05
    0.10995E-01    0.26669E+05
    0.11217E-01    0.26821E+05
    0.11443E-01    0.26967E+05
    0.11675E-01    0.27106E+05
    0.11910E-01    0.27238E+05
    0.12151E-01    0.27364E+05
    0.12397E-01    0.27483E+05
    0.12647E-01    0.27593E+05
    0.12902E-01    0.27696E+05
    0.13163E-01    0.27790E+05
    0.13429E-01    0.27874E+05
    0.13700E-01    0.27948E+05
    0.13977E-01    0.28012E+05
    0.14259E-01    0.28065E+05
    0.14547E-01    0.28108E+05
    0.14841E-01    0.28139E+05
    0.15141E-01    0.28160E+05
    0.15447E-01    0.28169E+05
    0.15759E-01    0.28166E+05
    0.16077E-01    0.28152E+05
    0.16402E-01    0.28126E+05
    0.16734E-01    0.28088E+05
    0.17072E-01    0.28039E+05
    0.17416E-01    0.27976E+05
    0.17768E-01    0.27901E+05
    0.18127E-01    0.27814E+05
    0.18493E-01    0.27713E+05
    0.18867E-01    0.27598E+05
    0.19248E-01    0.27470E+05
    0.19637E-01    0.27329E+05
    0.20034E-01    0.27175E+05
    0.20438E-01    0.27007E+05
    0.20851E-01    0.26826E+05
    0.21272E-01    0.26631E+05
    0.21702E-01    0.26423E+05
    0.22141E-01    0.26203E+05
    0.22588E-01    0.25969E+05
    0.23044E-01    0.25723E+05
    0.23510E-01    0.25464E+05
    0.23985E-01    0.25194E+05
    0.24469E-01    0.24912E+05
    0.24964E-01    0.24619E+05
    0.25468E-01    0.24316E+05
    0.25982E-01    0.24003E+05
    0.26507E-01    0.23679E+05
    0.27043E-01    0.23346E+05
    0.27589E-01    0.23003E+05
    0.28146E-01    0.22651E+05
    0.28715E-01    0.22293E+05
    0.29295E-01    0.21927E+05
    0.29887E-01    0.21557E+05
    0.30490E-01    0.21182E+05
    0.31106E-01    0.20804E+05
    0.31735E-01    0.20424E+05
    0.32376E-01    0.20043E+05
    0.33030E-01    0.19662E+05
    0.33697E-01    0.19282E+05
    0.34378E-01    0.18905E+05
    0.35072E-01    0.18530E+05
    0.35781E-01    0.18159E+05
    0.36504E-01    0.17793E+05
    0.37241E-01    0.17432E+05
    0.37993E-01    0.17077E+05
    0.38761E-01    0.16729E+05
    0.39544E-01    0.16389E+05
    0.40343E-01    0.16058E+05
    0.41158E-01    0.15736E+05
    0.41989E-01    0.15424E+05
    0.42838E-01    0.15122E+05
    0.43703E-01    0.14832E+05
    0.44586E-01    0.14553E+05
    0.45486E-01    0.14287E+05
    0.46405E-01    0.14033E+05
    0.47343E-01    0.13791E+05
    0.48299E-01    0.13561E+05
    0.49275E-01    0.13341E+05
    0.50270E-01    0.13133E+05
    0.51286E-01    0.12935E+05
    0.52322E-01    0.12746E+05
    0.53379E-01    0.12565E+05
    0.54457E-01    0.12391E+05
    0.55557E-01    0.12223E+05
    0.56680E-01    0.12059E+05
    0.57825E-01    0.11898E+05
    0.58993E-01    0.11738E+05
    0.60184E-01    0.11579E+05
    0.61400E-01    0.11419E+05
    0.62641E-01    0.11255E+05
    0.63906E-01    0.11086E+05
    0.65197E-01    0.10909E+05
    0.66514E-01    0.10721E+05
    0.67858E-01    0.10522E+05
    0.69229E-01    0.10310E+05
    0.70627E-01    0.10085E+05
    0.72054E-01    0.98483E+04
    0.73510E-01    0.95998E+04
    0.74994E-01    0.93401E+04
    0.76509E-01    0.90704E+04
    0.78055E-01    0.87926E+04
    0.79632E-01    0.85083E+04
    0.81241E-01    0.82191E+04
    0.82882E-01    0.79267E+04
    0.84556E-01    0.76341E+04
    0.86264E-01    0.73453E+04
    0.88007E-01    0.70636E+04
    0.89785E-01    0.67919E+04
    0.91598E-01    0.65326E+04
    0.93449E-01    0.62879E+04
    0.95337E-01    0.60597E+04
    0.97263E-01    0.58494E+04
    0.99227E-01    0.56582E+04
    0.10123E+00    0.54871E+04
    0.10328E+00    0.53353E+04
    0.10536E+00    0.52006E+04
    0.10749E+00    0.50815E+04
    0.10966E+00    0.49761E+04
    0.11188E+00    0.48830E+04
    0.11414E+00    0.47987E+04
    0.11644E+00    0.47187E+04
    0.11880E+00    0.46384E+04
    0.12120E+00    0.45538E+04
    0.12365E+00    0.44611E+04
    0.12614E+00    0.43584E+04
    0.12869E+00    0.42445E+04
    0.13129E+00    0.41190E+04
    0.13394E+00    0.39814E+04
    0.13665E+00    0.38318E+04
    0.13941E+00    0.36738E+04
    0.14223E+00    0.35128E+04
    0.14510E+00    0.33534E+04
    0.14803E+00    0.31998E+04
    0.15102E+00    0.30552E+04
    0.15407E+00    0.29219E+04
    0.15718E+00    0.28015E+04
    0.16036E+00    0.26954E+04
    0.16360E+00    0.26046E+04
    0.16690E+00    0.25300E+04
    0.17028E+00    0.24684E+04
    0.17371E+00    0.24146E+04
    0.17722E+00    0.23636E+04
    0.18080E+00    0.23110E+04
    0.18446E+00    0.22529E+04
    0.18818E+00    0.21879E+04
    0.19198E+00    0.21165E+04
    0.19586E+00    0.20393E+04
    0.19982E+00    0.19569E+04
    0.20386E+00    0.18703E+04
    0.20797E+00    0.17826E+04
    0.21218E+00    0.16980E+04
    0.21646E+00    0.16202E+04
    0.22083E+00    0.15520E+04
    0.22530E+00    0.14957E+04
    0.22985E+00    0.14493E+04
    0.23449E+00    0.14088E+04
    0.23923E+00    0.13703E+04
    0.24406E+00    0.13304E+04
    0.24899E+00    0.12863E+04
    0.25402E+00    0.12383E+04
    0.25915E+00    0.11884E+04
    0.26439E+00    0.11386E+04
    0.26973E+00    0.10905E+04
    0.27518E+00    0.10454E+04
    0.28074E+00    0.10035E+04
    0.28641E+00    0.96439E+03
    0.29219E+00    0.92751E+03
    0.29810E+00    0.89246E+03
    0.30412E+00    0.85890E+03
    0.31026E+00    0.82658E+03
    0.31653E+00    0.79534E+03
    0.32292E+00    0.76502E+03
    0.32945E+00    0.73551E+03
    0.33610E+00    0.70670E+03
    0.34289E+00    0.67860E+03
    0.34982E+00    0.65131E+03
    0.35689E+00    0.62488E+03
    0.36409E+00    0.59939E+03
    0.37145E+00    0.57488E+03
    0.37895E+00    0.55137E+03
    0.38661E+00    0.52883E+03
    0.39442E+00    0.50728E+03
    0.40239E+00    0.48669E+03
    0.41052E+00    0.46704E+03
    0.41881E+00    0.44826E+03
    0.42727E+00    0.43023E+03
    0.43590E+00    0.41286E+03
    0.44471E+00    0.39605E+03
    0.45369E+00    0.37974E+03
    0.46286E+00    0.36392E+03
    0.47221E+00    0.34863E+03
    0.48174E+00    0.33391E+03
    0.49148E+00    0.31978E+03
    0.50141E+00    0.30625E+03
    0.51153E+00    0.29331E+03
    0.52187E+00    0.28092E+03
    0.53241E+00    0.26904E+03
    0.54317E+00    0.25765E+03
    0.55414E+00    0.24672E+03
    0.56533E+00    0.23622E+03
    0.57675E+00    0.22613E+03
    0.58840E+00    0.21646E+03
    0.60029E+00    0.20717E+03
    0.61242E+00    0.19826E+03
    0.62479E+00    0.18971E+03
    0.63741E+00    0.18151E+03
    0.65029E+00    0.17365E+03
    0.66342E+00    0.16611E+03
    0.67683E+00    0.15888E+03
    0.69050E+00    0.15195E+03
    0.70445E+00    0.14531E+03
    0.71868E+00    0.13894E+03
    0.73320E+00    0.13284E+03
    0.74801E+00    0.12700E+03
    0.76312E+00    0.12139E+03
    0.77854E+00    0.11603E+03
    0.79426E+00    0.11089E+03
    0.81031E+00    0.10597E+03
    0.82668E+00    0.10126E+03
    0.84338E+00    0.96747E+02
    0.86041E+00    0.92428E+02
    0.87780E+00    0.88294E+02
    0.89553E+00    0.84338E+02
    0.91362E+00    0.80552E+02
    0.93208E+00    0.76929E+02
    0.95091E+00    0.73463E+02
    0.97011E+00    0.70147E+02
    0.98971E+00    0.66975E+02
    0.10097E+01    0.63941E+02
    0.10301E+01    0.61039E+02
    0.10509E+01    0.58264E+02
    0.10721E+01    0.55610E+02
    0.10938E+01    0.53073E+02
    0.11159E+01    0.50647E+02
    0.11384E+01    0.48329E+02
    0.11614E+01    0.46113E+02
    0.11849E+01    0.43995E+02
    0.12088E+01    0.41971E+02
    0.12333E+01    0.40037E+02
    0.12582E+01    0.38190E+02
    0.12836E+01    0.36425E+02
    0.13095E+01    0.34739E+02
    0.13360E+01    0.33128E+02
    0.13630E+01    0.31590E+02
    0.13905E+01    0.30121E+02
    0.14186E+01    0.28719E+02
    0.14472E+01    0.27379E+02
    0.14765E+01    0.26101E+02
    0.15063E+01    0.24880E+02
    0.15367E+01    0.23714E+02
    0.15678E+01    0.22602E+02
    0.15994E+01    0.21540E+02
    0.16318E+01    0.20527E+02
    0.16647E+01    0.19560E+02
    0.16984E+01    0.18638E+02
    0.17327E+01    0.17758E+02
    0.17677E+01    0.16918E+02
    0.18034E+01    0.16117E+02
    0.18398E+01    0.15352E+02
    0.18770E+01    0.14623E+02
    0.19149E+01    0.13928E+02
    0.19536E+01    0.13265E+02
    0.19930E+01    0.12633E+02